9484,1,9564,1,4,5,7,18,Orginal,1,2,3,4,5,6,7,8,9,10,11,12,13,14,15,16,17,18,19,20,21,22,23,24,25,26,27,28,29,30,31,32,33,34,35,36,37,38,39,Distance,9564,1,2,3,4,5,6,7,8,9,10,11,12,13,14,15,16,17,18,19,20,21,22,23,24,25,26,27,28,29,30,31,32,33,34,35,36,37,38,39,D,9564,1,4,5,7,18,,9563,6,18,29,33,36,,,O,9564,1,4,5,7,18,,9563,6,18,29,33,36
9483,2,9563,6,18,29,33,36,,9564,9545,9542,9564,9564,9563,9564,9560,9538,9560,9549,9557,9556,9551,9557,9561,9560,9564,9558,9558,9556,9549,9549,9557,9536,9560,9561,9554,9563,9561,9556,9541,9563,9561,9561,9563,9552,9555,9550,,,0,19,22,0,0,1,0,4,26,4,15,7,8,13,7,3,4,0,6,6,8,15,15,7,28,4,3,10,1,3,8,23,1,3,3,1,12,9,14,,,0,0,0,0,0,,,0,0,0,0,0,,,,,9564,9564,9564,9564,9564,,,9563,9564,9563,9563,9563
9482,3,9562,10,16,18,22,31,,9556,9544,9536,9557,9532,9540,9553,9556,9533,9544,9548,9554,9512,9544,9543,9547,9558,9563,9557,9554,9553,9515,9544,9552,9515,9533,9558,9542,9546,9550,9547,9530,9555,9558,9560,9551,9549,9552,9532,,,8,20,28,7,32,24,11,8,31,20,16,10,52,20,21,17,6,1,7,10,11,49,20,12,49,31,6,22,18,14,17,34,9,6,4,13,15,12,32,,,8,7,32,11,1,,,23,1,17,8,12,,,,,9556,9557,9532,9553,9563,,,9540,9563,9546,9555,9551
9481,4,9561,16,27,30,34,35,,9555,9538,9521,9552,9514,9538,9550,9551,9530,9535,9546,9553,9509,9533,9534,9540,9555,9562,9555,9550,9547,9509,9543,9537,9513,9514,9554,9529,9524,9543,9539,9522,9553,9545,9559,9539,9547,9550,9527,,,9,26,43,12,50,26,14,13,34,29,18,11,55,31,30,24,9,2,9,14,17,55,21,27,51,50,10,35,40,21,25,42,11,19,5,25,17,14,37,,,9,12,50,14,2,,,25,11,39,10,24,,,,,9555,9552,9514,9550,9562,,,9538,9562,9524,9553,9539
9480,5,9560,8,10,17,26,35,,9553,9537,9503,9545,9508,9531,9533,9549,9529,9523,9535,9548,9503,9531,9526,9532,9541,9552,9551,9543,9543,9506,9542,9536,9506,9504,9542,9518,9497,9542,9523,9514,9547,9544,9554,9536,9546,9526,9524,,,11,27,61,19,56,33,31,15,35,41,29,16,61,33,38,32,23,12,13,21,21,58,22,28,58,60,22,46,67,22,41,50,17,20,10,28,18,38,40,,,11,19,56,31,12,,,32,23,66,16,27,,,,,9553,9545,9508,9533,9552,,,9531,9552,9497,9547,9536
9479,6,9559,13,18,21,32,35,,9548,9534,9490,9541,9507,9525,9531,9546,9528,9520,9534,9546,9499,9529,9524,9530,9537,9540,9540,9522,9531,9487,9539,9531,9503,9498,9532,9508,9491,9535,9512,9508,9541,9541,9551,9528,9537,9523,9517,,,16,30,74,23,57,39,33,18,36,44,30,18,65,35,40,34,27,24,24,42,33,77,25,33,61,66,32,56,73,29,52,56,23,23,13,36,27,41,47,,,16,23,57,33,24,,,38,27,72,22,35,,,,,9548,9541,9507,9531,9540,,,9525,9540,9491,9541,9528
9478,7,9558,17,19,20,27,34,,9545,9528,9486,9522,9504,9515,9517,9545,9527,9515,9522,9540,9490,9527,9523,9501,9526,9536,9535,9521,9525,9483,9538,9529,9481,9487,9530,9502,9489,9528,9499,9492,9534,9539,9548,9510,9525,9502,9504,,,19,36,78,42,60,49,47,19,37,49,42,24,74,37,41,63,38,28,29,43,39,81,26,35,83,77,34,62,75,36,65,72,30,25,16,54,39,62,60,,,19,42,60,47,28,,,48,31,74,29,53,,,,,9545,9522,9504,9517,9536,,,9515,9536,9489,9534,9510
9477,8,9557,4,12,15,19,24,,9520,9512,9483,9518,9498,9511,9511,9529,9524,9499,9505,9537,9483,9505,9518,9494,9513,9532,9524,9514,9512,9462,9527,9525,9463,9476,9520,9501,9488,9521,9486,9486,9522,9538,9539,9504,9521,9491,9496,,,44,52,81,46,66,53,53,35,40,65,59,27,81,59,46,70,51,32,40,50,52,102,37,39,101,88,44,63,76,43,78,78,42,26,25,60,43,73,68,,,44,46,66,53,32,,,52,36,75,41,59,,,,,9520,9518,9498,9511,9532,,,9511,9532,9488,9522,9504
9476,9,9556,1,8,13,21,31,,9508,9484,9481,9508,9497,9510,9509,9517,9518,9496,9497,9533,9473,9503,9495,9490,9510,9527,9518,9489,9502,9459,9526,9523,9455,9452,9504,9497,9475,9507,9485,9464,9521,9535,9530,9500,9515,9476,9495,,,56,80,83,56,67,54,55,47,46,68,67,31,91,61,69,74,54,37,46,75,62,105,38,41,109,112,60,67,89,57,79,100,43,29,34,64,49,88,69,,,56,56,67,55,37,,,53,50,88,42,63,,,,,9508,9508,9497,9509,9527,,,9510,9527,9475,9521,9500
9475,10,9555,1,17,19,33,38,,9506,9481,9472,9506,9494,9493,9491,9511,9511,9490,9468,9528,9464,9490,9477,9484,9505,9513,9507,9478,9472,9457,9525,9511,9453,9450,9500,9492,9470,9502,9479,9462,9513,9534,9520,9498,9501,9474,9493,,,58,83,92,58,70,71,73,53,53,74,96,36,100,74,87,80,59,51,57,86,92,107,39,53,111,114,64,72,94,62,85,102,51,30,44,66,63,90,71,,,58,58,70,73,51,,,70,69,93,50,65,,,,,9506,9506,9494,9491,9513,,,9493,9513,9470,9513,9498
9474,11,9554,12,20,27,28,35,,9477,9461,9468,9499,9492,9486,9450,9495,9510,9489,9454,9513,9459,9489,9470,9482,9502,9494,9503,9477,9471,9451,9520,9509,9445,9440,9497,9483,9462,9498,9473,9458,9512,9506,9517,9495,9476,9448,9487,,,87,103,96,65,72,78,114,69,54,75,110,51,105,75,94,82,62,70,61,87,93,113,44,55,119,124,67,81,102,66,91,106,52,58,47,69,88,116,77,,,87,65,72,114,70,,,77,70,101,51,68,,,,,9477,9499,9492,9450,9494,,,9486,9494,9462,9512,9495
9473,12,9553,1,7,12,21,33,,9469,9455,9449,9496,9489,9482,9446,9492,9509,9480,9446,9510,9454,9484,9457,9469,9496,9493,9494,9464,9454,9447,9517,9499,9440,9425,9483,9481,9449,9485,9471,9454,9505,9501,9507,9484,9475,9441,9481,,,95,109,115,68,75,82,118,72,55,84,118,54,110,80,107,95,68,71,70,100,110,117,47,65,124,139,81,83,115,79,93,110,59,63,57,80,89,123,83,,,95,68,75,118,71,,,81,78,114,58,79,,,,,9469,9496,9489,9446,9493,,,9482,9493,9449,9505,9484
9472,13,9552,4,18,24,37,38,,9457,9453,9440,9493,9478,9474,9434,9491,9500,9479,9389,9507,9451,9475,9456,9437,9480,9485,9488,9461,9451,9444,9501,9498,9436,9416,9466,9479,9439,9482,9468,9435,9500,9491,9500,9477,9471,9424,9476,,,107,111,124,71,86,90,130,73,64,85,175,57,113,89,108,127,84,79,76,103,113,120,63,66,128,148,98,85,125,82,96,129,64,73,64,87,93,140,88,,,107,71,86,130,79,,,89,99,124,63,86,,,,,9457,9493,9478,9434,9485,,,9474,9485,9439,9500,9477
9471,14,9551,8,14,19,35,36,,9455,9448,9421,9492,9459,9473,9427,9480,9488,9478,9372,9505,9450,9472,9448,9433,9465,9464,9487,9455,9444,9433,9495,9476,9431,9410,9457,9475,9434,9463,9451,9431,9494,9485,9485,9473,9466,9422,9470,,,109,116,143,72,105,91,137,84,76,86,192,59,114,92,116,131,99,100,77,109,120,131,69,88,133,154,107,89,130,101,113,133,70,79,79,91,98,142,94,,,109,72,105,137,100,,,90,104,129,69,90,,,,,9455,9492,9459,9427,9464,,,9473,9464,9434,9494,9473
9470,15,9550,7,20,30,38,39,,9449,9437,9414,9480,9447,9463,9423,9473,9472,9474,9366,9496,9449,9465,9440,9425,9462,9459,9484,9453,9442,9432,9493,9472,9426,9391,9449,9458,9429,9458,9430,9424,9488,9450,9478,9470,9458,9413,9469,,,115,127,150,84,117,101,141,91,92,90,198,68,115,99,124,139,102,105,80,111,122,132,71,92,138,173,115,106,135,106,134,140,76,114,86,94,106,151,95,,,115,84,117,141,105,,,100,117,134,75,93,,,,,9449,9480,9447,9423,9459,,,9463,9459,9429,9488,9470
9469,16,9549,8,11,22,23,37,,9447,9432,9393,9478,9446,9445,9420,9463,9470,9460,9362,9468,9444,9460,9439,9424,9460,9446,9479,9452,9436,9393,9488,9471,9423,9389,9447,9452,9426,9456,9428,9412,9482,9442,9467,9469,9441,9410,9467,,,117,132,171,86,118,119,144,101,94,104,202,96,120,104,125,140,104,118,85,112,128,171,76,93,141,175,117,112,138,108,136,152,82,122,97,95,123,154,97,,,117,86,118,144,118,,,118,118,137,81,94,,,,,9447,9478,9446,9420,9446,,,9445,9446,9426,9482,9469
9468,17,9548,1,11,12,34,35,,9441,9421,9387,9464,9421,9444,9411,9453,9463,9446,9361,9467,9439,9459,9411,9423,9456,9445,9474,9438,9395,9380,9486,9469,9418,9388,9418,9442,9395,9443,9426,9374,9477,9438,9465,9443,9439,9395,9466,,,123,143,177,100,143,120,153,111,101,118,203,97,125,105,153,141,108,119,90,126,169,184,78,95,146,176,146,122,169,121,138,190,87,126,99,121,125,169,98,,,123,100,143,153,119,,,119,128,168,86,120,,,,,9441,9464,9421,9411,9445,,,9444,9445,9395,9477,9443
9467,18,9547,16,21,31,33,37,,9432,9392,9377,9466,9420,9429,9395,9443,9462,9422,9343,9457,9433,9440,9391,9421,9455,9435,9468,9430,9394,9379,9482,9467,9417,9371,9377,9427,9390,9434,9421,9373,9467,9435,9461,9431,9434,9388,9465,,,132,172,187,98,144,135,169,121,102,142,221,107,131,124,173,143,109,129,96,134,170,185,82,97,147,193,187,137,174,130,143,191,97,129,103,133,130,176,99,,,132,98,144,169,129,,,134,134,173,96,132,,,,,9432,9466,9420,9395,9435,,,9429,9435,9390,9467,9431
9466,19,9546,8,11,12,29,37,,9417,9387,9373,9456,9419,9420,9369,9438,9454,9414,9334,9443,9416,9435,9378,9416,9450,9429,9466,9425,9389,9377,9479,9461,9393,9370,9371,9414,9376,9432,9417,9365,9460,9429,9456,9424,9382,9355,9461,,,147,177,191,108,145,144,195,126,110,150,230,121,148,129,186,148,114,135,98,139,175,187,85,103,171,194,193,150,188,132,147,199,104,135,108,140,182,209,103,,,147,108,145,195,135,,,143,182,187,103,139,,,,,9417,9456,9419,9369,9429,,,9420,9429,9376,9460,9424
9465,20,9545,1,2,4,8,34,,9412,9377,9371,9442,9413,9419,9362,9437,9453,9385,9330,9436,9414,9430,9369,9415,9447,9381,9465,9419,9382,9376,9474,9448,9391,9367,9352,9411,9372,9428,9412,9364,9452,9427,9445,9422,9381,9341,9438,,,152,187,193,122,151,145,202,127,111,179,234,128,150,134,195,149,117,183,99,145,182,188,90,116,173,197,212,153,192,136,152,200,112,137,119,142,183,223,126,,,152,122,151,202,183,,,144,183,191,111,141,,,,,9412,9442,9413,9362,9381,,,9419,9381,9372,9452,9422
9464,21,9544,2,10,14,23,34,,9394,9366,9364,9437,9411,9415,9356,9436,9452,9383,9327,9432,9383,9414,9365,9413,9443,9380,9458,9416,9372,9375,9471,9441,9387,9360,9350,9373,9363,9427,9411,9356,9433,9424,9441,9388,9379,9339,9437,,,170,198,200,127,153,149,208,128,112,181,237,132,181,150,199,151,121,184,106,148,192,189,93,123,177,204,214,191,201,137,153,208,131,140,123,176,185,225,127,,,170,127,153,208,184,,,148,184,200,130,175,,,,,9394,9437,9411,9356,9380,,,9415,9380,9363,9433,9388
9463,22,9543,15,20,21,23,30,,9389,9337,9347,9436,9393,9413,9347,9435,9451,9371,9326,9431,9382,9394,9351,9393,9438,9379,9448,9415,9366,9373,9460,9433,9383,9358,9340,9361,9353,9426,9378,9334,9422,9423,9428,9387,9374,9337,9428,,,175,227,217,128,171,151,217,129,113,193,238,133,182,170,213,171,126,185,116,149,198,191,104,131,181,206,224,203,211,138,186,230,142,141,136,177,190,227,136,,,175,128,171,217,185,,,150,210,210,141,176,,,,,9389,9436,9393,9347,9379,,,9413,9379,9353,9422,9387
9462,23,9542,3,23,27,28,30,,9384,9326,9344,9431,9392,9394,9344,9422,9376,9361,9324,9430,9381,9391,9349,9382,9419,9353,9445,9410,9358,9362,9426,9430,9380,9353,9339,9359,9340,9425,9348,9326,9419,9418,9384,9386,9369,9334,9425,,,180,238,220,133,172,170,220,142,188,203,240,134,183,173,215,182,145,211,119,154,206,202,138,134,184,211,225,205,224,139,216,238,145,146,180,178,195,230,139,,,180,133,172,220,211,,,169,220,223,144,177,,,,,9384,9431,9392,9344,9353,,,9394,9353,9340,9419,9386
9461,24,9541,4,17,32,33,34,,9360,9314,9330,9415,9370,9390,9338,9420,9367,9356,9308,9429,9379,9388,9347,9368,9392,9343,9444,9391,9350,9361,9423,9428,9356,9352,9327,9358,9314,9394,9348,9314,9410,9417,9363,9383,9363,9333,9418,,,204,250,234,149,194,174,226,144,197,208,256,135,185,176,217,196,172,221,120,173,214,203,141,136,208,212,237,206,250,170,216,250,154,147,201,181,201,231,146,,,204,149,194,226,221,,,173,225,249,153,180,,,,,9360,9415,9370,9338,9343,,,9390,9343,9314,9410,9383
9460,25,9540,6,12,16,18,19,,9343,9302,9328,9390,9349,9386,9331,9418,9338,9351,9297,9420,9375,9386,9341,9362,9376,9338,9442,9384,9345,9360,9392,9427,9352,9340,9323,9345,9313,9387,9320,9309,9390,9413,9355,9373,9355,9295,9417,,,221,262,236,174,215,178,233,146,226,213,267,144,189,178,223,202,188,226,122,180,219,204,172,137,212,224,241,219,251,177,244,255,174,151,209,191,209,269,147,,,221,174,215,233,226,,,177,227,250,173,190,,,,,9343,9390,9349,9331,9338,,,9386,9338,9313,9390,9373
9459,26,9539,23,31,34,35,36,,9336,9301,9310,9375,9347,9376,9329,9412,9335,9348,9271,9412,9374,9365,9329,9349,9375,9336,9439,9367,9344,9357,9385,9395,9348,9337,9311,9327,9312,9381,9317,9307,9377,9386,9354,9370,9355,9291,9416,,,228,263,254,189,217,188,235,152,229,216,293,152,190,199,235,215,189,228,125,197,220,207,179,169,216,227,253,237,252,183,247,257,187,178,210,194,209,273,148,,,228,189,217,235,228,,,187,230,251,186,193,,,,,9336,9375,9347,9329,9336,,,9376,9336,9312,9377,9370
9458,27,9538,2,6,9,23,34,,9335,9298,9303,9371,9336,9369,9328,9386,9324,9346,9264,9390,9368,9364,9325,9346,9369,9333,9434,9366,9342,9348,9381,9385,9324,9330,9309,9325,9304,9378,9292,9299,9368,9370,9351,9364,9354,9287,9388,,,229,266,261,193,228,195,236,178,240,218,300,174,196,200,239,218,195,231,130,198,222,216,183,179,240,234,255,239,260,186,272,265,196,194,213,200,210,277,176,,,229,193,228,236,231,,,194,231,259,195,199,,,,,9335,9371,9336,9328,9333,,,9369,9333,9304,9368,9364
9457,28,9537,2,12,17,24,37,,9334,9295,9286,9368,9332,9367,9310,9384,9318,9337,9263,9389,9364,9357,9317,9343,9363,9332,9415,9352,9340,9339,9380,9383,9322,9317,9302,9299,9297,9374,9289,9293,9354,9362,9348,9354,9354,9285,9385,,,230,269,278,196,232,197,254,180,246,227,301,175,200,207,247,221,201,232,149,212,224,225,184,181,242,247,262,265,267,190,275,271,210,202,216,210,210,279,179,,,230,196,232,254,232,,,196,232,266,209,209,,,,,9334,9368,9332,9310,9332,,,9367,9332,9297,9354,9354
9456,29,9536,3,18,24,25,36,,9333,9293,9284,9359,9316,9
