47.0,3.0,8.0,9.0,14.0,23.0
2318,7246.0,1.0,6.0,25.0,31.0,38.0
2319,7245.0,14.0,24.0,26.0,37.0,38.0
2320,7244.0,10.0,15.0,19.0,22.0,24.0
2321,7243.0,7.0,9.0,19.0,34.0,36.0
2322,7242.0,4.0,12.0,18.0,32.0,37.0
2323,7241.0,9.0,14.0,21.0,34.0,38.0
2324,7240.0,11.0,13.0,15.0,23.0,33.0
2325,7239.0,19.0,23.0,25.0,28.0,36.0
2326,7238.0,1.0,3.0,8.0,23.0,24.0
2327,7237.0,10.0,16.0,21.0,22.0,39.0
2328,7236.0,2.0,10.0,18.0,26.0,32.0
2329,7235.0,2.0,7.0,13.0,15.0,23.0
2330,7234.0,3.0,7.0,11.0,20.0,22.0
2331,7233.0,6.0,10.0,16.0,21.0,23.0
2332,7232.0,5.0,8.0,20.0,27.0,34.0
2333,7231.0,10.0,11.0,20.0,26.0,30.0
2334,7230.0,17.0,20.0,26.0,31.0,37.0
2335,7229.0,3.0,12.0,18.0,24.0,33.0
2336,7228.0,3.0,5.0,16.0,18.0,24.0
2337,7227.0,14.0,17.0,26.0,30.0,34.0
2338,7226.0,3.0,19.0,21.0,24.0,37.0
2339,7225.0,2.0,8.0,26.0,36.0,38.0
2340,7224.0,3.0,15.0,17.0,24.0,31.0
2341,7223.0,6.0,7.0,9.0,15.0,34.0
2342,7222.0,3.0,4.0,12.0,15.0,35.0
2343,7221.0,4.0,20.0,34.0,36.0,39.0
2344,7220.0,10.0,25.0,27.0,31.0,34.0
2345,7219.0,5.0,6.0,7.0,32.0,37.0
2346,7218.0,6.0,15.0,24.0,31.0,37.0
2347,7217.0,6.0,14.0,28.0,37.0,39.0
2348,7216.0,6.0,12.0,17.0,32.0,34.0
2349,7215.0,2.0,6.0,7.0,21.0,34.0
2350,7214.0,5.0,15.0,29.0,37.0,38.0
2351,7213.0,10.0,12.0,14.0,23.0,35.0
2352,7212.0,1.0,3.0,12.0,23.0,27.0
2353,7211.0,10.0,12.0,17.0,24.0,25.0
2354,7210.0,9.0,16.0,25.0,28.0,30.0
2355,7209.0,3.0,12.0,19.0,24.0,38.0
2356,7208.0,1.0,2.0,17.0,33.0,37.0
2357,7207.0,6.0,15.0,33.0,37.0,38.0
2358,7206.0,2.0,4.0,11.0,30.0,31.0
2359,7205.0,3.0,20.0,23.0,25.0,39.0
2360,7204.0,5.0,15.0,25.0,29.0,39.0
2361,7203.0,4.0,6.0,13.0,17.0,25.0
2362,7202.0,24.0,26.0,28.0,31.0,33.0
2363,7201.0,5.0,9.0,15.0,23.0,34.0
2364,7200.0,5.0,9.0,11.0,18.0,34.0
2365,7199.0,1.0,18.0,24.0,37.0,39.0
2366,7198.0,10.0,13.0,18.0,22.0,23.0
2367,7197.0,13.0,19.0,25.0,36.0,37.0
2368,7196.0,3.0,11.0,22.0,26.0,31.0
2369,7195.0,9.0,13.0,25.0,29.0,36.0
2370,7194.0,10.0,12.0,16.0,21.0,30.0
2371,7193.0,7.0,10.0,12.0,14.0,25.0
2372,7192.0,2.0,8.0,12.0,31.0,36.0
2373,7191.0,3.0,12.0,13.0,16.0,18.0
2374,7190.0,1.0,13.0,20.0,25.0,32.0
2375,7189.0,4.0,19.0,21.0,24.0,25.0
2376,7188.0,5.0,18.0,32.0,34.0,35.0
2377,7187.0,1.0,10.0,26.0,30.0,39.0
2378,7186.0,10.0,17.0,23.0,28.0,34.0
2379,7185.0,8.0,12.0,30.0,32.0,34.0
2380,7184.0,2.0,7.0,18.0,20.0,33.0
2381,7183.0,2.0,11.0,14.0,23.0,32.0
2382,7182.0,12.0,18.0,20.0,27.0,28.0
2383,7181.0,10.0,20.0,26.0,27.0,38.0
2384,7180.0,1.0,11.0,26.0,29.0,33.0
2385,7179.0,4.0,23.0,25.0,31.0,39.0
2386,7178.0,16.0,20.0,31.0,34.0,35.0
2387,7177.0,2.0,8.0,23.0,31.0,38.0
2388,7176.0,10.0,11.0,13.0,21.0,38.0
2389,7175.0,12.0,17.0,26.0,29.0,38.0
2390,7174.0,12.0,31.0,32.0,33.0,37.0
2391,7173.0,8.0,11.0,15.0,29.0,33.0
2392,7172.0,12.0,24.0,30.0,34.0,36.0
2393,7171.0,8.0,12.0,20.0,25.0,39.0
2394,7170.0,4.0,20.0,22.0,31.0,37.0
2395,7169.0,1.0,3.0,11.0,35.0,38.0
2396,7168.0,15.0,18.0,19.0,28.0,32.0
2397,7167.0,13.0,21.0,33.0,35.0,37.0
2398,7166.0,13.0,17.0,26.0,30.0,39.0
2399,7165.0,13.0,16.0,23.0,32.0,36.0
2400,7164.0,3.0,15.0,27.0,32.0,39.0
2401,7163.0,5.0,20.0,21.0,29.0,31.0
2402,7162.0,2.0,4.0,7.0,11.0,30.0
2403,7161.0,15.0,16.0,30.0,38.0,39.0
2404,7160.0,1.0,2.0,3.0,23.0,39.0
2405,7159.0,3.0,4.0,15.0,36.0,38.0
2406,7158.0,15.0,22.0,28.0,36.0,37.0
2407,7157.0,13.0,14.0,16.0,18.0,39.0
2408,7156.0,3.0,6.0,19.0,34.0,39.0
2409,7155.0,16.0,19.0,20.0,35.0,36.0
2410,7154.0,3.0,10.0,31.0,32.0,37.0
2411,7153.0,9.0,10.0,20.0,29.0,31.0
2412,7152.0,23.0,26.0,27.0,34.0,36.0
2413,7151.0,3.0,12.0,20.0,21.0,34.0
2414,7150.0,2.0,4.0,13.0,28.0,30.0
2415,7149.0,7.0,28.0,33.0,34.0,37.0
2416,7148.0,1.0,6.0,19.0,21.0,31.0
2417,7147.0,1.0,2.0,11.0,15.0,35.0
2418,7146.0,1.0,9.0,17.0,21.0,28.0
2419,7145.0,7.0,13.0,21.0,30.0,36.0
2420,7144.0,7.0,9.0,12.0,26.0,31.0
2421,7143.0,22.0,24.0,27.0,29.0,30.0
2422,7142.0,1.0,8.0,10.0,26.0,35.0
2423,7141.0,4.0,5.0,9.0,18.0,27.0
2424,7140.0,12.0,17.0,21.0,23.0,24.0
2425,7139.0,7.0,9.0,28.0,29.0,33.0
2426,7138.0,10.0,27.0,30.0,36.0,39.0
2427,7137.0,10.0,23.0,30.0,31.0,33.0
2428,7136.0,3.0,7.0,13.0,23.0,36.0
2429,7135.0,1.0,13.0,18.0,19.0,20.0
2430,7134.0,9.0,20.0,26.0,30.0,37.0
2431,71

